3270190006763 1.2
3270190208280 1.96
3760056260069 1.32
7622400013928 2.87
8076809523547 2.16
8076800105735 1.58
3166291474207 1.45
3165440004845 1.56
3049580530160 1.89
3560070123971 2.81
3245412373039 2.62
3245412568749 1.37
3560070134564 2.55
3147690059103 14.91
3229820019192 2.26
3245412990281 1.57
3147699105160 24.28
3560070215713 3.18
8076809535755 1.31
3560070168651 2.83
3124480001429 1.76
3560070320288 0.79
3245414670280 5.51
3560070332434 1.16
3560070332618 1.86
3560070329038 1.03
3560070328888 1.03
3229820765365 3.55
7613032779566 4.61
3560070510047 0.94
3560070543632 1.72
3124480173676 2.29
5000159422345 7.68
3017760002035 2.63
3560070669875 0.81
8712566328352 2.43
8712566328239 4.74
8712566328444 5.23
7622300689124 1.98
3560070719266 2.4
3560070749980 3.29
3560070737710 2.38
3276650013050 11.18
3560070814855 1.47
3760181140182 5.01
3265980310953 7.08
3322680009652 3.36
3168930008064 2.02
3560070937868 0.92
5411188116592 2.33
3560070906208 2.48
3560070826391 3.95
3166296203109 1.89
7622210422026 1.98
3229820112015 2.17
3560070942312 3.42
3435660741883 4.87
7622210449931 3.45
3166296207756 2.44
3384129201683 2.43
3230890033131 6.5
3229820793689 2.65
3256540001756 2.0
3168930010111 2.76
3254691587716 2.7
3033490004651 3.32
8410076421449 1.89
3266980891015 4.1
5000112611861 1.92
5000112611878 1.77
5053827156189 3.97
3228022940020 4.05
3270190027447 2.29
3270190020660 1.25
3270190020356 2.06
3276554163165 0.88
3270190010272 2.15
8076809513388 1.86
3276650121533 2.91
3251248047624 1.68
3245411851149 2.26
3560070124817 2.44
3245412569081 1.49
3245412621963 0.74
3276557112610 4.0
3245414649309 0.84
3245414654396 14.66
3560070340439 1.6
3560070329410 0.95
3124480172013 1.97
3560070479900 1.56
3560070553990 1.37
3560070291021 1.33
3560070597741 1.89
3560070613564 1.79
8000430135268 2.01
5410228209447 15.91
3229820787015 1.87
7613034522146 2.77
3610882777258 3.22
3560070910366 6.92
3411060050374 3.99
3560070944286 4.07
3560070930036 3.12
7613035040793 4.3
8712100882593 2.36
8712100879531 3.01
3038354199603 1.78
3560071080143 2.26
3046920010047 2.42
3411060049255 0.99
3228021170015 1.79
7622210720580 4.97
3080216050652 9.26
8001090730275 19.34
3245390065926 2.49
3270190027034 2.34
3270190022527 0.74
3270190022626 2.45
3270190117315 0.61
3245390089854 3.22
3270190007050 1.9
5601019001030 1.72
3166291458405 3.65
3245414620131 1.25
3560070606931 1.12
8886303210238 1.32
3174660084827 0.8
3560070797493 1.23
3124480182746 1.8
3276650122073 5.82
3411060050008 2.49
3411060050398 1.99
3411060050183 2.99
3411060054648 2.19
5411188115472 1.65
3252378001319 0.64
3599741001867 8.07
8711000522967 4.93
3165433804254 1.35
3228857000647 2.02
5449000138514 8.36
3270190020288 1.91
3270190023678 1.89
3270190025566 1.92
3270190191438 4.91
3033710065967 3.71
3560070111817 4.62
3560070510078 0.89
3017620429484 4.98
3411060050237 1.99
3411060050091 1.99
3411060054372 2.99
3411060054938 1.89
3276554654748 1.29
7613034932266 4.11
3560070986385 4.65
5000112635348 4.31
5000112635331 12.84
3270190110354 1.73
3270190207689 3.69
3560070273546 0.62
3606605839914 1.2
4002359654404 2.3
3560070723836 1.24
3411060050312 5.79
3411060051975 2.99
3411060054631 1.79
3411060054488 1.99
3411060050664 3.99
3560070824144 0.9
7622210416681 1.45
3080216050263 10.71
3270190021438 2.03
3270190023821 2.71
3166291010085 7.49
3270190207917 1.01
3270190207573 1.0
8076809513753 4.5
3179142720200 4.39
5000159344074 2.56
3245412966620 4.98
3245413330352 2.65
3245413852601 2.4
3168930003632 2.38
3245414663497 4.92
3560070332557 2.22
3560070393619 1.57
3000001038733 1.5
5000159421812 6.43
3560070555369 1.56
5410041339000 1.25
3411060051111 1.39
3411060050855 2.99
3411060054563 3.99
3411060050794 1.0
3411060053399 1.29
3456300002492 1.96
3614612817658 2.96
3033490004675 2.96
3270190027041 2.34
3270190021582 2.91
3270190204008 0.95
3560070060832 2.42
3560070149278 2.55
8010721001509 1.88
8715035250307 5.19
8886303210535 3.6
3411060051210 1.6
3411060051166 1.69
3560071178345 2.95
